CHRISTLEIN_NB;ICDAR_CLAMM;OrigFileName;Script_type_ICDAR2017;DATE_ICDAR;FILENAME;SCRIPT_TYPE1;SCRIPT_TYPE10;SCRIPT_TYPE11;SCRIPT_TYPE12;SCRIPT_TYPE2;SCRIPT_TYPE3;SCRIPT_TYPE4;SCRIPT_TYPE5;SCRIPT_TYPE6;SCRIPT_TYPE7;SCRIPT_TYPE8;SCRIPT_TYPE9
1;Task_1_3;IRHT_P_007646.tif;6_Hybrida;10;IRHT_P_007646;0.000628242312452;0.00672371304045;0.0277420786517;0.0187665471927;0.000147283293782;0.00391004675255;0.00142857892776;0.385268796698;0.0984893301119;0.0135745399398;0.434971820661;0.00834902241764
2;Task_1_3;710146101_S_002_003_0041.tif;12_Uncial;1;710146101_S_002_003_0041;0.000224718976939;0.000767482578455;0.00345543371956;0.466578282895;0.0168182259564;0.314059347192;0.107608460536;0.00232925312122;0.00123413267356;0.00208134131141;0.0321388876214;0.0527044334175
3;Task_1_3;IRHT_P_003116.tif;1_Caroline;2;IRHT_P_003116;0.438048495804;0.00233235531019;0.10743087837;9.95670106944e-05;0.02001484985;0.0126499992179;0.00195201998892;0.000493031192673;0.000528263880736;0.381984376919;0.0311503193343;0.00331584312166
4;Task_1_3;IRHT_P_006800.tif;11_Textualis;6;IRHT_P_006800;0.0108257803713;0.191819542538;0.625017242956;0.00407139204839;0.0895353184243;0.00793013231431;3.26614396692e-05;0.0104594881177;0.000966223169884;0.00680233989815;0.00216225971018;0.0503776190121
5;Task_1_3;IRHT_P_009334.tif;11_Textualis;6;IRHT_P_009334;0.000430637221425;0.016314758402;0.572614871535;0.00849872317875;0.00958780523451;0.00281292595717;0.000198691572454;0.284366900669;0.000788611824683;0.010746640622;0.0251129268282;0.0685265069553
6;Task_1_3;IRHT_P_008835.tif;10_Textualis_meridionalis;12;IRHT_P_008835;0.000563998494127;0.615783782162;0.00629085135304;0.000961642847886;0.00217255118021;0.00579398504868;0.221411736001;0.00734313617741;0.131308904483;0.00151500315179;0.00562877302077;0.00122563608093
7;Task_1_3;M601415401_MS0456_0028.tif;5_Humanistic_Cursive;14;M601415401_MS0456_0028;0.00423200314858;0.00177792822266;0.0207196400239;0.00608370500785;0.0123368736028;0.0147343742651;0.000922406454814;0.854162532633;0.00634350277199;0.0122264141871;0.016070590298;0.0503900293844
8;Task_1_3;IRHT_P_006980.tif;7_Praegothica;3;IRHT_P_006980;0.00164320572539;0.0540541539475;0.195115910719;0.00778140413535;0.0182094694767;0.0157933554716;0.000252540363028;0.00419087339456;0.000543559350098;0.658721595613;0.0236682041271;0.020025727676
9;Task_1_3;IRHT_P_007352.tif;5_Humanistic_Cursive;10;IRHT_P_007352;0.000112743728651;0.0096017570076;0.0197776366405;2.32091439827e-05;0.00740166744863;0.00794319525216;0.015177730182;0.841300180513;0.00067953432583;0.00323603473705;0.0435874887236;0.0511588222966
10;Task_1_3;IRHT_P_008194.tif;11_Textualis;6;IRHT_P_008194;0.000121782868416;0.0850291811435;0.241762780891;0.0414648026929;0.0280280271737;0.00114624054842;0.000479412048216;0.00112340927945;0.00702153911574;0.00707053783935;0.0195029111548;0.567249375245
11;Task_1_3;IRHT_P_006403.tif;1_Caroline;1;IRHT_P_006403;0.705015253652;0.00813516333663;0.0333837567791;0.092381653231;0.0937699328574;0.0189366460118;0.0191409623423;0.00315108658477;0.00725532094362;0.000367817123238;0.0142092657284;0.00425314140952
12;Task_1_3;IRHT_P_007636.tif;6_Hybrida;11;IRHT_P_007636;0.00303914048904;0.0815311617717;0.0283875136406;0.0176397512762;0.178286902616;0.00929518751474;0.00318496177268;0.0284410474129;0.545964499874;0.0016837447853;0.00712163778565;0.0954244510615
13;Task_1_3;IRHT_P_009403.tif;2_Cursiva;11;IRHT_P_009403;0.00182979231912;0.00219677221785;0.00354158522605;0.0829187168719;0.216901254811;0.0196649160487;0.000191918401969;0.0522139747451;0.0323460455386;0.0187003298637;0.473983882399;0.0955108115565
14;Task_1_3;IRHT_P_006428.tif;11_Textualis;10;IRHT_P_006428;0.00675627880014;0.303144893968;0.189495706716;0.000365143461496;0.0865481286127;0.00996811232965;0.00133547913067;0.000433138554316;0.0140540209067;0.00385233162911;0.0136921017721;0.370354664119
15;Task_1_3;IRHT_P_005082.tif;1_Caroline;2;IRHT_P_005082;0.674061817717;0.000555033768378;0.0289467446445;0.0019578948129;0.132207508052;0.00413315250097;0.00677298570312;0.00131148299206;0.0135476499564;0.110649396329;0.0080951987836;0.0177611347401
16;Task_1_3;IRHT_P_009029.tif;11_Textualis;7;IRHT_P_009029;1.88990535173e-05;0.132094761168;0.676003154462;0.00879334822393;0.122448757238;0.0103312688177;0.00911821422822;0.00130563131232;0.00447505220233;0.0291062125328;0.00162731389534;0.00467738686607
17;Task_1_3;IRHT_P_004913.tif;11_Textualis;6;IRHT_P_004913;0.0155371888457;0.475902785507;0.00604220208668;8.08474765167e-05;0.00104651182629;0.0192333392199;0.00178505136703;5.99761033744e-05;0.00536591163225;0.00296349032827;0.0933641056045;0.378618590002
18;Task_1_3;IRHT_P_009105.tif;2_Cursiva;11;IRHT_P_009105;0.00408481238226;0.138685768293;0.0454594445337;0.00030043809599;0.678982232161;0.00216990654064;0.0529549532912;0.000496197396078;0.00457183177344;0.0201130350435;0.0334636186229;0.0187177618667
19;Task_1_3;IRHT_P_006861.tif;2_Cursiva;8;IRHT_P_006861;0.00389589434642;0.00247058266816;0.0995563447206;0.00235317510794;0.689530755554;0.0518901065781;0.00676331955052;0.0101512852309;0.0013934638587;0.0182590192382;0.107544792495;0.00619126065197
20;Task_1_3;IRHT_P_006273.tif;11_Textualis;8;IRHT_P_006273;0.00451263423046;0.377334822948;0.541008333942;0.000206343801859;0.0180015248587;0.0202814318738;0.0187268470055;0.000103735588995;0.00118061322867;0.00129036405036;0.0135349133124;0.00381843515926
21;Task_1_3;IRHT_P_007618.tif;2_Cursiva;8;IRHT_P_007618;0.000579119294508;0.00240148803869;0.0024089212357;0.0261480088679;0.579772116446;0.0710559942461;0.00218447143966;0.215885599516;0.0389478949239;0.00143519026748;0.0424406465772;0.0167405491463
22;Task_1_3;IRHT_P_003673.tif;9_Semitextualis;6;IRHT_P_003673;0.00137449154075;0.344643382585;0.163363387878;0.00126171836022;0.0489360061041;0.00845591600846;0.00938537851432;0.000316541360549;0.0216058285536;0.020693447081;0.00361352044597;0.376350381568
23;Task_1_3;IRHT_P_006422.tif;8_Semihybrida;10;IRHT_P_006422;0.0130222836998;0.0102051011608;0.102183603386;0.0783101505577;0.339117335526;0.00813729511696;0.000117772042464;0.00261061447741;0.0155455426742;0.00967969330736;0.0288543324434;0.392216275608
24;Task_1_3;IRHT_P_006080.tif;1_Caroline;2;IRHT_P_006080;0.564001222813;0.00567664394394;0.121987591025;0.00160550583334;0.000810255114665;0.000799472292262;0.187880389498;7.93900733633e-05;0.0404164215903;0.03663747893;0.0372111984446;0.00289443044128
25;Task_1_3;IRHT_P_007944.tif;8_Semihybrida;10;IRHT_P_007944;3.88126339209e-05;0.000670129142267;0.162440915962;0.103243436148;0.281762795721;0.000835635985319;0.00600194892643;0.00115333311631;0.000531171867398;0.0113488844731;0.341720476098;0.0902524599264
26;Task_1_3;btv1b9076864s_f168_1.tif;3_Half_Uncial;1;btv1b9076864s_f168_1;0.00781691008511;0.0113291871425;0.0653705633221;0.450646245482;0.0423260814461;0.277683087266;0.07658842453;0.00338041255782;0.03522850521;0.000645234321061;0.00662628484656;0.0223590637909
27;Task_1_3;IRHT_P_007927.tif;1_Caroline;1;IRHT_P_007927;0.378169143461;0.000286364486399;0.00020365092939;0.291101644601;0.000513976975827;0.000539549984513;0.11475038744;0.0863683059946;0.0275534010041;0.0133778850684;0.0373720268052;0.0497636632499
28;Task_1_3;IRHT_P_007699.tif;8_Semihybrida;10;IRHT_P_007699;0.00218800545396;0.00426178089582;0.00950682548347;0.0103432422778;0.176730197194;0.00469778757162;0.00155224965638;0.167101559191;0.0107030921312;0.0256744793865;0.580557746659;0.00668303409849
29;Task_1_3;IRHT_P_005025.tif;1_Caroline;2;IRHT_P_005025;0.529461980373;0.00720791430631;0.0134827335881;0.0258624087132;0.0122543498299;0.0287029625845;0.000446702508028;0.00265490255643;0.026490274625;0.328719119608;0.00623341328624;0.0184832380206
30;Task_1_3;IRHT_P_000194.tif;6_Hybrida;10;IRHT_P_000194;0.00226951630488;0.00181825530507;0.000869944515114;0.0361999776371;0.138770243896;9.24231308883e-06;0.00166605291056;0.149102196638;0.38423981284;0.0142773899528;0.262769092209;0.0080082754787
31;Task_1_3;IRHT_P_007047.tif;2_Cursiva;10;IRHT_P_007047;0.0341366044611;0.00241250274813;0.016051187491;0.123530655158;0.0671543699271;0.00113473245272;0.00170741950026;0.0037971446196;0.00539466935499;0.00499633122308;0.730635189307;0.00904919375715
32;Task_1_3;IRHT_P_007048.tif;2_Cursiva;10;IRHT_P_007048;0.0108126921602;0.132976466216;0.00716982151742;0.0112040326996;0.33555787155;0.000262415072581;0.000401560335431;0.00123259898025;0.0119632720645;0.00119197336864;0.433969298505;0.0532579975304
33;Task_1_3;IRHT_P_008576.tif;1_Caroline;1;IRHT_P_008576;0.350774954797;0.000802586905896;0.0736714683324;0.000615861790104;0.0210655366058;0.279493779335;5.55688666127e-05;0.260468307987;0.000209093160383;0.0021123112746;0.0103465279902;0.000384002954679
34;Task_1_3;IRHT_P_008046.tif;2_Cursiva;7;IRHT_P_008046;3.30451871645e-05;0.0389446866313;0.111110575394;0.0118841095039;0.571432405721;0.00786563844547;0.00156224090612;0.0973194378824;0.000514646129493;0.00990549258049;0.0118997952569;0.137527926361
35;Task_1_3;IRHT_P_007549.tif;1_Caroline;2;IRHT_P_007549;0.548508530374;0.0273413076131;0.00827079852364;0.0350397006541;0.00351957387024;0.000371538032023;0.306028487436;0.0207333850544;0.000675319040454;0.00690178565635;0.0338093443152;0.00880022943017
36;Task_1_3;IRHT_P_005699.tif;11_Textualis;5;IRHT_P_005699;0.000484800172142;0.203369082296;0.23525412845;0.00100506909141;0.0112283661915;0.00702173486976;0.000599591032137;0.080761119682;0.0125914798803;0.040807134381;0.00636027930842;0.400517214646
37;Task_1_3;IRHT_P_007583.tif;11_Textualis;12;IRHT_P_007583;0.00424291044686;0.0511976264309;0.62424460306;0.00547564482294;0.0579594168526;0.00996083892175;0.0261330737996;0.000603823038241;0.000291704824263;0.00329935715835;0.210505187688;0.00608581295608
38;Task_1_3;IRHT_P_007881.tif;11_Textualis;6;IRHT_P_007881;0.00053504988801;0.0932679577906;0.396211808267;0.00119506185935;0.337279619022;0.0030106518322;0.0101056818994;0.00185590318011;0.000491045125681;0.00113226041878;0.00773770558955;0.147177255127
39;Task_1_3;IRHT_P_004292.tif;1_Caroline;2;IRHT_P_004292;0.0262888110032;0.0585143320246;0.000357675582247;1.47846801052e-05;0.0703891772809;0.0038022281242;0.0977695823134;0.00104553171964;0.00723598642059;0.707669214289;0.00942899185956;0.0174836847029
40;Task_1_3;IRHT_P_006297.tif;11_Textualis;4;IRHT_P_006297;0.0141423143101;0.0303571291622;0.120313237255;0.0728800458766;0.0353610032793;0.00340344429957;0.000256250447041;0.00681498243008;0.0667960195156;0.044807342446;0.0102225667158;0.594645664262
41;Task_1_3;IRHT_P_009012.tif;11_Textualis;9;IRHT_P_009012;0.01063350419;0.165177842084;0.643754642923;0.00630150311307;0.0158244699251;0.00431132541421;0.000144121961033;0.016160786211;0.121585012006;0.00725867907557;0.00800955156462;0.000838561532527
42;Task_1_3;IRHT_P_006051.tif;1_Caroline;2;IRHT_P_006051;0.396964850793;0.00672744331193;0.116919887517;0.0237534437827;0.0165673649213;0.00786416760658;0.291892716467;0.00545574359463;0.0160989582255;0.0553457774168;0.0586128665202;0.00379677984286
43;Task_1_3;IRHT_P_007575.tif;1_Caroline;1;IRHT_P_007575;0.448538631065;0.00456103360286;0.00322356338263;0.134991680418;0.00697167487901;0.000127398039671;0.148034216797;0.00453826177261;0.000934495813504;0.127976568822;0.008538723606;0.111563751803
44;Task_1_3;IRHT_P_006101.tif;7_Praegothica;3;IRHT_P_006101;0.0016538070703;0.0114221066357;0.00346448197225;0.131560266289;0.0419115171959;0.00351788646654;0.157387852826;0.0039915890295;0.0122152285132;0.617132608062;0.00808929472865;0.00765336121089
45;Task_1_3;IRHT_P_004749.tif;2_Cursiva;10;IRHT_P_004749;0.000317389771404;0.00199850465955;0.0136308118575;0.00724130789566;0.601264703259;0.0304656398193;8.35154158586e-05;0.000336272233998;0.144537287215;0.000832081732295;0.126868473591;0.0724240125501
46;Task_1_3;IRHT_P_008879.tif;6_Hybrida;12;IRHT_P_008879;0.000968233455612;0.0258455673252;0.0174891074455;0.00224128760068;0.0363441417783;0.0214231836375;0.271711563384;0.00536067504282;0.515014838727;0.000900211560973;0.0194861748934;0.083215015149
47;Task_1_3;IRHT_P_004067.tif;7_Praegothica;3;IRHT_P_004067;0.000285626783799;8.26697282239e-05;0.176327144158;0.00213232530703;0.000371180662424;0.0136709858161;0.0110432469094;0.000137207111709;0.0373173556635;0.623675400457;0.133042909846;0.00191394755689
48;Task_1_3;IRHT_P_004812.tif;1_Caroline;1;IRHT_P_004812;0.621117764801;0.00309277629453;0.0200217166621;0.00131449002138;0.000974590207566;0.179080906473;0.0368303600201;0.000458909653085;0.0304296227997;0.000378065751046;0.0347277997845;0.0715729975321
49;Task_1_3;IRHT_P_006824.tif;6_Hybrida;12;IRHT_P_006824;0.000189755098475;0.0109944176937;0.00927790818346;0.000324245618364;0.00320310120231;0.00105102638095;0.000284283262976;0.419121897506;0.403574474876;0.0079279005383;0.0224361173577;0.121614872281
50;Task_1_3;IRHT_P_008764.tif;6_Hybrida;9;IRHT_P_008764;0.00294308694211;0.000739664335741;0.000218407774104;0.102286371396;0.00368047096787;0.000122257563814;8.11418423397e-05;0.194321716093;0.320923826706;0.00381707711019;0.0499280854231;0.320937893846
51;Task_1_3;IRHT_P_003968.tif;7_Praegothica;3;IRHT_P_003968;0.0012908904943;0.000876660895419;0.0292390931181;0.124815131319;0.0230518879062;0.000259454146764;0.0162293600962;0.0529963950976;0.0215203941554;0.708498729661;0.0136025370748;0.00761946603535
52;Task_1_3;IRHT_P_009383.tif;2_Cursiva;10;IRHT_P_009383;0.0156447771765;0.000216686600121;0.0876624030005;0.00278199782766;0.485080779981;0.000900576942577;0.0370272994794;0.0432060551414;0.00810150423565;0.00154154658349;0.280520869351;0.0373155036806
53;Task_1_3;IRHT_P_004830.tif;2_Cursiva;13;IRHT_P_004830;0.0076454899252;0.000881683272212;0.0148645458677;0.000839084077266;0.404850498735;0.0295879749172;3.74852303709e-05;0.259865486232;0.0323555469999;0.0135512049608;0.163829011491;0.0716919882912
54;Task_1_3;IRHT_P_006957.tif;2_Cursiva;12;IRHT_P_006957;0.00108897843954;0.0730169198647;0.129091773104;0.00554897151123;0.0782770986966;0.01229246837;1.58335725849e-05;0.00352045895989;0.582559832801;0.00318572420806;0.0703878663133;0.0410140741594
55;Task_1_3;B490076101_MS0378_0090.tif;10_Textualis_meridionalis;6;B490076101_MS0378_0090;0.00610967970178;0.818754237116;0.0036324819451;0.0419384547763;0.0942501890593;0.0106833604153;4.44333260862e-05;0.00237976696315;0.00258538770342;0.00485305113754;0.0104478095251;0.00432114833125
56;Task_1_3;IRHT_P_006839.tif;7_Praegothica;3;IRHT_P_006839;0.0896227205681;0.0145893652393;0.0126959704826;0.0663652667011;0.0143468098868;0.0133263108809;0.00942419136447;0.116101203325;0.0157372667486;0.53437622785;0.0875466537518;0.0258680132015
57;Task_1_3;IRHT_P_004293.tif;1_Caroline;2;IRHT_P_004293;0.2878492563;0.00422048239449;0.00990526625283;0.000431276588642;0.00184318175232;0.178477022525;0.00118386169199;6.10520974911e-05;0.00717643306768;0.477052956072;0.0223866554429;0.00941255581464
58;Task_1_3;IRHT_P_003249.tif;8_Semihybrida;12;IRHT_P_003249;0.0016323991898;0.000309396508039;0.0142264066794;0.00177221805012;0.441427398759;0.00338821353549;0.00761410250514;0.00091393719591;0.440545578287;0.00688815859866;0.0680545501109;0.0132276405806
59;Task_1_3;IRHT_P_004837.tif;4_Humanistic;14;IRHT_P_004837;0.0393731887907;0.0299660376582;0.00579853403775;0.00529122925947;0.00247128398316;0.00187671896716;0.627115555195;0.262696282026;0.00479985979438;0.00918882351068;0.00621326841825;0.00520921835952
60;Task_1_3;IRHT_P_006537.tif;7_Praegothica;3;IRHT_P_006537;0.00155346288095;0.0186565935488;0.0070624271034;0.0132760598924;0.024717819776;0.00513664642628;0.0120658837471;0.000626395088562;0.0113672329047;0.845565460182;0.0174686424322;0.0425033760178
61;Task_1_3;B490076101_MS0378_0040.tif;10_Textualis_meridionalis;6;B490076101_MS0378_0040;0.00329921682807;0.650130366299;0.00131901278011;0.00415494857084;0.00214000646082;0.219779724595;0.000210560786581;2.06375737736e-05;0.00309858018303;0.000730721906875;0.0362862432561;0.0788299807596
62;Task_1_3;IRHT_P_009032.tif;11_Textualis;7;IRHT_P_009032;0.00652098443895;0.136895860294;0.710135335374;0.00166380300561;0.0720257035723;0.0041502070828;0.011596890762;0.00124807280951;0.0260509696083;0.0197712295768;0.0039600435733;0.00598089990266
63;Task_1_3;IRHT_P_003833.tif;7_Praegothica;3;IRHT_P_003833;0.00058932858989;0.00157492541504;0.0383475231206;5.16237697517e-05;0.0401967288999;0.0016940198474;0.0415471725263;0.00223702344034;0.00194674418859;0.865095778003;0.00388180029254;0.00283733190649
64;Task_1_3;IRHT_P_005656.tif;1_Caroline;2;IRHT_P_005656;0.682540820572;0.0657941606705;0.00080734469578;0.00264282488038;0.00397073653625;0.000474283445826;6.56319827627e-07;0.00264296922561;0.0360710421172;0.139322499376;0.0650214144605;0.000711247699815
65;Task_1_3;IRHT_P_006723.tif;11_Textualis;6;IRHT_P_006723;0.000455784596751;0.0722129180775;0.321520684979;0.0120672918099;0.00436460199848;0.123959184529;9.75727735638e-05;0.0107647352352;0.0449033774598;0.0397594153605;0.00215771753572;0.367736715644
66;Task_1_3;IRHT_P_002371.tif;2_Cursiva;13;IRHT_P_002371;0.00401220504174;0.00908344020469;0.00331906893304;0.000795353357711;0.279268560669;0.00847319822346;0.00861008952157;0.000358990166434;0.0179626302301;0.000197359846082;0.65161576695;0.0163033368561
67;Task_1_3;IRHT_P_004477.tif;2_Cursiva;9;IRHT_P_004477;0.0076899889629;0.000246103954541;0.0400743548404;0.000864483428885;0.728712343553;0.00330595293365;0.0139902220612;6.6587449707e-06;0.00145664607462;0.00578450926806;0.196542498351;0.0013262378268
68;Task_1_3;IRHT_P_005700.tif;11_Textualis;5;IRHT_P_005700;0.0729739809123;0.164882501608;0.0339222141557;0.0581303912504;0.000502544013982;0.00110465916791;0.000813921467886;0.00191780848669;0.00353425536522;0.117698130835;0.18417300463;0.360346588107
69;Task_1_3;M601415401_MS0300_0028.tif;4_Humanistic;12;M601415401_MS0300_0028;0.00151349140282;0.00139216323224;0.00108469447231;0.0419766386116;0.0865844156776;0.251482933552;0.442204166093;0.0227810461445;0.001374500854;0.000236843353037;0.0156287118;0.133740394807
70;Task_1_3;IRHT_P_004790.tif;11_Textualis;6;IRHT_P_004790;0.00156718402916;0.0766931074691;0.848236380147;0.00374439165613;0.0277882448324;0.00597985822903;0.00311846980055;0.000727054286334;0.0033149382879;0.000777098721537;0.00362448264811;0.0244287898924
71;Task_1_3;IRHT_P_006409.tif;11_Textualis;9;IRHT_P_006409;0.00315895080521;0.000169065640888;0.620172843231;0.00890443513677;0.174695730565;0.0263314221908;0.151175738301;0.000502249733754;0.0021403539797;0.0020986275834;0.00101369539635;0.00963688743652
72;Task_1_3;IRHT_P_007871.tif;7_Praegothica;3;IRHT_P_007871;0.00580037122897;0.0235063194872;0.0305198471148;0.0348298538826;0.0527829057807;0.0107596742985;0.0860266161144;0.0257554958745;0.00460340379565;0.707023081718;0.0156800340256;0.00271239667921
73;Task_1_3;IRHT_P_008957.tif;11_Textualis;9;IRHT_P_008957;0.000256580011689;0.170479216079;0.619394858962;0.00522279485574;0.0152364337477;0.0194165995638;0.00167937546748;0.0553208701606;0.0373549844888;0.00455908946787;0.00818264443241;0.0628965527626
74;Task_1_3;IRHT_P_007624.tif;2_Cursiva;9;IRHT_P_007624;0.000884069688274;0.0242860180092;0.00281288112522;0.00771568925303;0.697674560389;0.0344557136033;0.0223074621179;0.000822059589202;0.0303982167097;0.011528409321;0.0804304663139;0.0866844538805
75;Task_1_3;IRHT_P_008386.tif;9_Semitextualis;5;IRHT_P_008386;0.00353626120048;0.0230875295022;0.00336091414434;4.20612833674e-05;0.0217684503031;0.199212786727;0.00351227074099;0.000332863254594;0.00342510824709;0.00420005320292;0.145475046176;0.592046655219
76;Task_1_3;IRHT_P_009300.tif;2_Cursiva;8;IRHT_P_009300;0.0073395263295;0.00483889080621;0.0108252446891;0.00145321369563;0.456717620906;0.0233576988716;0.0786234561119;0.00958506267156;2.70374236308e-05;0.00124463670953;0.403060034585;0.00292757720101
77;Task_1_3;IRHT_P_004697.tif;1_Caroline;2;IRHT_P_004697;0.769168555907;0.000583287767974;0.0238150405549;0.000435224730494;0.0139763227065;0.0573035682961;0.00217095718663;0.000785232574642;0.000393647143646;0.00749730478277;0.019702654556;0.104168203793
78;Task_1_3;IRHT_P_006669.tif;2_Cursiva;8;IRHT_P_006669;0.00789551846683;0.0119416339194;0.0149208677565;0.036099355105;0.733797514615;0.00682251550874;0.000498809758029;0.0721438712601;0.000955895885247;0.00731678636034;0.0831885334011;0.0244186979638
79;Task_1_3;IRHT_P_008774.tif;6_Hybrida;11;IRHT_P_008774;0.0134518152043;0.0737393994303;0.00191948167201;0.00757300404811;0.0339625291209;0.0189813193662;0.00057654971392;0.290811787289;0.334603817526;0.00257896715177;0.0159487818698;0.205852547608
80;Task_1_3;IRHT_P_000535.tif;11_Textualis;10;IRHT_P_000535;0.00281227620588;0.00344671259523;0.69930639257;3.59228090562e-05;0.0242619400561;0.0318346312837;0.0611784108574;0.00454616644087;0.0651268376035;0.000169464472572;0.0283937309618;0.0788875141444
81;Task_1_3;IRHT_P_005594.tif;1_Caroline;2;IRHT_P_005594;0.7706496967;0.00155569504402;0.0544447222357;0.00246065495716;0.00123059553723;0.000278315946716;0.00414310854541;0.00611681499879;0.00977900835284;0.000767019807224;0.0832180593625;0.0653563085128
82;Task_1_3;315556101_MS0364_0052.tif;12_Uncial;1;315556101_MS0364_0052;0.00214785547222;0.0228718529951;0.00148696622519;0.725070684762;0.00664942883141;0.168533770159;0.000500070072859;0.00369558410101;0.0089688883714;0.0364553433244;0.0163324665933;0.007287089092
83;Task_1_3;IRHT_P_008292.tif;11_Textualis;5;IRHT_P_008292;0.00347748230745;0.00761222374066;0.377925006889;0.00126317080173;0.000697068140591;0.00371676156587;0.0101907685408;0.00206165868922;0.00455313553724;0.0309886335734;0.0966208629767;0.460893227238
84;Task_1_3;IRHT_P_009058.tif;11_Textualis;5;IRHT_P_009058;0.00125476874293;0.193968840641;0.505712756347;0.00163899038251;0.00354294637053;0.0285243262298;0.000468983903952;0.00788287123449;0.0172259073867;0.0214587584998;0.0100857655795;0.208235084681
85;Task_1_3;IRHT_P_005342.tif;1_Caroline;1;IRHT_P_005342;0.796145915787;0.00254164058796;0.0307495685408;0.00752409049046;0.0129034410431;0.0074194856708;0.054956766857;0.000996137367487;0.026758242847;0.000846458769324;0.0519656695202;0.0071925825191
86;Task_1_3;IRHT_P_004648.tif;11_Textualis;4;IRHT_P_004648;0.00885892734587;0.000711712813962;0.660270614434;0.00177846468989;0.00400488098922;0.000353648171301;0.000155877876555;0.0188089678053;0.00148626384787;0.156644326034;0.0719982655514;0.0749280504411
87;Task_1_3;IRHT_P_000379.tif;7_Praegothica;3;IRHT_P_000379;0.00119397299743;0.00023250036482;0.0280746960079;0.00511421121685;0.1045363387;0.00235677159346;1.16995550192e-05;0.00234758221198;0.0167643415742;0.793632496363;0.0172092883809;0.0285261010343
88;Task_1_3;btv1b9078168n_f83.tif;1_Caroline;1;btv1b9078168n_f83;0.649650716841;0.0120599715788;0.0108028753299;0.0986405582938;0.0710242775323;0.141068406669;0.00170643982043;0.00410539961911;0.00399333823365;0.00110477843254;0.00363808423419;0.002205153416
89;Task_1_3;IRHT_P_008090.tif;6_Hybrida;10;IRHT_P_008090;0.00443377877905;0.0163424340698;0.000102538911605;0.00104077924334;0.239700702051;0.00714278368292;0.000166103879022;0.0941859075668;0.318813350546;0.03302042216;0.229846833155;0.0552043659545
90;Task_1_3;IRHT_P_005728.tif;1_Caroline;2;IRHT_P_005728;0.764692049643;0.00139231463347;0.00713704803086;0.00250111772282;0.0153989005768;0.0152767911258;0.00855838613628;0.0537246433532;0.00788734448304;0.00342582179074;0.0473070479234;0.0726985345807
91;Task_1_3;IRHT_P_008842.tif;1_Caroline;1;IRHT_P_008842;0.560860372655;0.00149200248729;0.00126760421946;0.138786782191;0.00585602679103;0.00083278055204;0.203956171645;0.00104905282843;0.000646853672093;0.015684898864;0.0554641864703;0.014103267625
92;Task_1_3;IRHT_P_009298.tif;11_Textualis;6;IRHT_P_009298;0.000203907674349;0.0329087378008;0.667024271186;0.0135379480467;0.0106083392333;0.0110825811922;0.00255377718374;0.00121794551616;0.0525996369387;0.108266258287;0.0429631597917;0.0570334371497
93;Task_1_3;IRHT_P_005383.tif;9_Semitextualis;10;IRHT_P_005383;0.0270240897814;0.00377482651796;0.0444911154732;0.000166178282848;0.00951946183051;0.00656239441344;0.00955337608203;0.0189874367081;0.0787578333392;0.00561662024111;0.0474457411457;0.748100926184
94;Task_1_3;IRHT_P_003690.tif;2_Cursiva;12;IRHT_P_003690;5.99511678829e-05;0.00266711448051;0.0353784894151;0.0772947230264;0.248896304996;0.0100353331425;0.0124113735246;0.0044184483553;0.165770797884;0.131493273588;0.267230737708;0.0443434527116
95;Task_1_3;IRHT_P_007373.tif;6_Hybrida;8;IRHT_P_007373;0.000635808472853;0.00628594211113;0.115489492705;0.00159505803085;0.0247956609438;0.0384867692345;0.132785173074;0.00162504318063;0.521202051468;0.00771758131359;0.0805788101632;0.0688026093029
96;Task_1_3;IRHT_P_003940.tif;2_Cursiva;6;IRHT_P_003940;0.000201600154413;0.0026076705557;0.0215939899603;0.00011548906498;0.84378756112;0.00397687963229;0.00376535629447;0.000163429444465;0.073268278026;0.00556926822773;0.0400218682974;0.00492860922243
97;Task_1_3;IRHT_P_004757.tif;11_Textualis;6;IRHT_P_004757;0.0844663598152;0.0637892654418;0.416982939356;0.000134457593941;0.00155380400114;0.174179694823;0.119363289739;0.0129517301932;0.0533126070482;0.00750273732801;0.0138782580362;0.0518848566246
98;Task_1_3;IRHT_P_007008.tif;9_Semitextualis;9;IRHT_P_007008;0.0524845370603;0.010651956652;0.0199876748597;0.00361650268004;0.0124747320418;0.00216972983369;0.0232483193718;0.0133108137054;0.0464069845333;0.0173749284764;0.0148008465841;0.783472974201
99;Task_1_3;IRHT_P_008547.tif;11_Textualis;10;IRHT_P_008547;0.00124586787215;0.0716663841744;0.848884082872;0.000186569369889;0.0022218729543;0.0114973770061;0.00632596426589;0.00272412071048;0.0415129417443;0.000522263088665;0.0113126005861;0.00189995535609
100;Task_1_3;710146101_S_002_003_0012.tif;12_Uncial;1;710146101_S_002_003_0012;0.0261055396097;0.00140316726496;0.00146797112926;0.550746970362;0.0156436740059;0.295651355118;0.0217509975122;0.00603949545144;0.00684570979481;0.0201700664137;0.0433306655934;0.010844387745
101;Task_1_3;IRHT_P_005985.tif;2_Cursiva;8;IRHT_P_005985;0.000929354647772;0.0108272632026;0.00295409627028;0.000876322224551;0.613539493585;0.216270313227;0.00181874009677;0.00104740978723;0.00268412784875;0.00836868527587;0.128946178051;0.0117380157837
102;Task_1_3;btv1b90767290_f55.tif;3_Half_Uncial;1;btv1b90767290_f55;0.0318697742826;0.000523654119467;0.0140748317897;0.290052611385;0.00714621367223;0.356263331959;0.24973173449;6.5078938102e-05;0.00386107223325;0.0212375172152;0.0144441631559;0.0107300167601
103;Task_1_3;IRHT_P_006852.tif;1_Caroline;1;IRHT_P_006852;0.380649452805;0.000732827722566;0.00408334197503;0.000844017706195;0.0687019234951;0.34865275134;0.000271019171426;0.164636758211;0.00349600503417;0.0111385253598;0.00701243198895;0.00978094519119
104;Task_1_3;IRHT_P_008683.tif;2_Cursiva;9;IRHT_P_008683;0.000777029745777;0.0434556049009;0.00534909971403;0.011832454216;0.577433021488;0.0239527196903;0.00131996321693;0.0140088381326;0.00175407101167;0.00629124715262;0.313398750593;0.000427200137416
105;Task_1_3;IRHT_P_006620.tif;7_Praegothica;3;IRHT_P_006620;0.00171035644238;0.0110399543021;0.0519804828988;0.0136258184509;0.00323830982098;0.0329628188832;0.00387744858645;0.00731421996779;0.0213036762966;0.835791585606;0.00743454209844;0.00972078664676
106;Task_1_3;IRHT_P_008820.tif;6_Hybrida;10;IRHT_P_008820;0.000778416426436;0.429494611191;0.149031175968;0.000591878184846;0.00738912236279;0.00751251598668;3.02991542337e-05;0.0163868075837;0.26166420403;0.00668181798484;0.0620753502169;0.0583638009106
107;Task_1_3;IRHT_P_008310.tif;5_Humanistic_Cursive;10;IRHT_P_008310;0.00191085414914;0.000558476349709;0.00086285876256;0.00213086457193;0.0102012886702;0.00179124739507;0.293133144181;0.504195644583;0.0174783483338;0.0481060620824;0.0402263782487;0.0794048326732
108;Task_1_3;M601415401_MS0124_0023.tif;4_Humanistic;10;M601415401_MS0124_0023;0.08567489499;0.134314814883;0.178287312219;0.00125165978857;0.00036335596081;0.0200814569681;0.429773974589;0.000106838113099;0.0332954104997;2.80299141646e-05;0.0379319729408;0.0788902791339
109;Task_1_3;IRHT_P_007895.tif;1_Caroline;1;IRHT_P_007895;0.536410577786;0.0190430041823;0.0016410647168;0.14537501699;0.0731842406746;0.0272770126492;0.160747234748;0.0218974631947;0.000701176930275;0.00314442816419;0.00904734012266;0.00153143984138
110;Task_1_3;IRHT_P_005736.tif;1_Caroline;2;IRHT_P_005736;0.780217561805;0.0060539861417;0.0766787732407;0.00123984024992;0.0485019454446;0.00713388430903;0.0142418361902;0.00306582539722;0.00376998079862;0.00271285801201;0.0466899004383;0.00969360797251
111;Task_1_3;IRHT_P_007571.tif;11_Textualis;10;IRHT_P_007571;0.0284813857692;0.290017596572;0.544539792983;0.000887174274066;0.074113562004;0.00120252975857;0.001362481988;0.00487477626208;0.0243403535996;0.00746070528423;0.00549548259077;0.0172241589146
112;Task_1_3;IRHT_P_005402.tif;2_Cursiva;10;IRHT_P_005402;0.0124695181107;0.00199633823482;0.0027617177749;0.00351886471481;0.372864326601;0.0491998167479;0.0190988309948;0.00826690269308;0.0185928632497;0.0293563576457;0.47337101916;0.00850344407239
113;Task_1_3;IRHT_P_008714.tif;1_Caroline;1;IRHT_P_008714;0.768557490183;0.000151376182164;0.0364871709319;0.00798475785694;0.0093816088382;0.0534504039294;0.00513562393639;0.00795013355296;0.0152581600651;0.0276581808905;0.0453152627259;0.0226698309074
114;Task_1_3;IRHT_P_006445.tif;2_Cursiva;9;IRHT_P_006445;0.000341043312409;0.00578928221634;0.0311221377548;0.0661149793984;0.549325803407;0.00286587807727;0.000890236009884;0.137263339973;0.0018414051515;0.00207565961534;0.196482243329;0.00588799175557
115;Task_1_3;IRHT_P_007778.tif;11_Textualis;5;IRHT_P_007778;0.000706664531431;0.0193210579406;0.595709813672;0.0631036366007;0.00849678747633;0.0142971135511;0.000270773202614;0.0195919237259;0.00580999224692;0.00156193134723;0.0127227005254;0.258407605179
116;Task_1_3;IRHT_P_008215.tif;6_Hybrida;11;IRHT_P_008215;0.0199753997657;0.000134898263363;0.00478955479997;0.000107791860991;0.0206221949134;0.0158232105797;0.00412144855752;0.000146630476689;0.371932529944;0.00992648767952;0.0261874073;0.526232445859
117;Task_1_3;IRHT_P_004311.tif;9_Semitextualis;5;IRHT_P_004311;0.0108301767137;0.00126501641068;0.330306855758;0.000189818496648;0.00527356100727;0.0423888286365;0.00141124154084;0.0611500255932;0.0594328364053;0.0981447003513;0.0104814541078;0.379125484978
118;Task_1_3;IRHT_P_007533.tif;1_Caroline;2;IRHT_P_007533;0.335120697448;0.000845286680164;0.00369917085866;0.000262034204852;0.198093471887;0.0318592077395;0.201170452156;0.00905208099324;0.00158694287937;0.191785792064;0.00790882080827;0.0186160422811
119;Task_1_3;M601415401_MS0368_0010.tif;10_Textualis_meridionalis;10;M601415401_MS0368_0010;0.000380537471157;0.766195858087;0.00210060810725;0.000820675533363;0.0237703441003;0.0144419537426;0.139360598106;0.000315492266207;0.00405306536364;0.0130179868528;0.0105826076897;0.0249602726795
120;Task_1_3;IRHT_P_005941.tif;11_Textualis;11;IRHT_P_005941;0.00251031691015;0.0856172257781;0.788874311956;0.000251535442742;0.00720816045984;0.000858500758919;0.0339439601055;0.000933396141312;0.0461866217303;0.00311967090083;0.0301433054967;0.000352994319528
121;Task_1_3;M601415401_MS0102_0061.tif;5_Humanistic_Cursive;13;M601415401_MS0102_0061;0.00257555047449;0.00105917970012;0.0569626864199;0.0288613803725;0.0384806336501;0.00567845935634;0.00217240615631;0.679453107252;0.113108622308;0.0550832576329;0.00492597972376;0.0116387369537
122;Task_1_3;IRHT_P_005274.tif;2_Cursiva;9;IRHT_P_005274;0.00132638653537;0.0415063605905;0.00741030430729;0.00160958426785;0.352085322674;0.0015893117496;0.0410354059465;0.000155510881788;0.422061449302;0.000225723314192;0.109755760518;0.0212388799135
123;Task_1_3;IRHT_P_005091.tif;1_Caroline;2;IRHT_P_005091;0.743321335758;0.000766623633882;0.0104938433132;3.09953005079e-05;0.000797498867821;0.00312886745431;0.00172724419392;0.00111613567079;0.0335851844662;0.002428508245;0.061277819104;0.141325943993
124;Task_1_3;IRHT_P_009326.tif;8_Semihybrida;10;IRHT_P_009326;0.000144142012052;0.0280952261586;0.0503380391265;0.00150599456893;0.262884534207;0.0299791215331;0.000188899779009;0.00469730081756;0.00246894824856;0.0263950790206;0.565540956099;0.0277617584287
125;Task_1_3;IRHT_P_006781.tif;6_Hybrida;13;IRHT_P_006781;0.00111577050582;0.000435378524408;0.00294025825361;0.00969319483616;0.0964191304499;0.0930238914928;0.0169655625887;0.183209535123;0.211701554502;0.000643742883397;0.292519010943;0.091332969897
126;Task_1_3;IRHT_P_005146.tif;11_Textualis;4;IRHT_P_005146;0.036108521989;0.00501679646833;0.729859888138;3.52530229295e-05;0.000478490725581;0.014842349635;3.89899850783e-05;0.00662725528423;0.000573729164362;0.0484276776549;0.027765346482;0.130225701451
127;Task_1_3;IRHT_P_006775.tif;6_Hybrida;8;IRHT_P_006775;0.0580782979878;0.00116570398556;0.00224582674256;0.00559936160756;0.034571674703;0.0115197120738;0.0168826438367;0.000783641415085;0.38742386071;0.0261722941624;0.449560885856;0.00599609691985
128;Task_1_3;M601415401_MS0217_0308.tif;9_Semitextualis;6;M601415401_MS0217_0308;0.000415028624536;0.0311839128139;0.171857612819;0.00865551896985;0.00881371892616;0.0910264699633;7.55895474474e-06;0.0023942923247;0.0101338092183;0.000524455129092;0.0251921125384;0.649795509718
129;Task_1_3;IRHT_P_007148.tif;9_Semitextualis;10;IRHT_P_007148;0.00291962712872;0.0246364169491;0.00155464970787;0.00465239320128;0.0631409386725;0.0587246244104;0.0206514992217;0.0125236013171;0.136863590214;0.00246687926883;0.0157219801862;0.656143799722
130;Task_1_3;IRHT_P_004031.tif;2_Cursiva;10;IRHT_P_004031;0.044411574174;7.45706010095e-05;0.00301777379288;0.000202928744737;0.613030809765;0.160951836622;0.000148769665787;0.00878664577054;0.0249877751392;0.00925250750774;0.105073813105;0.0300609951118
131;Task_1_3;IRHT_P_005599.tif;1_Caroline;2;IRHT_P_005599;0.536263670978;0.000111077899331;0.0373326299332;0.328980320112;0.000993128166404;2.6060549269e-06;2.6439985048e-05;0.0196650801402;0.019049625566;0.00581017264874;0.0291702163265;0.0225950321889
132;Task_1_3;IRHT_P_009296.tif;11_Textualis;6;IRHT_P_009296;0.00182529919577;0.000645925489353;0.623165341156;0.0243303948286;0.0763534793663;0.00432708444245;0.0098207084063;0.00856737764845;0.00191486510555;0.0450755009914;0.010893522377;0.193080500993
133;Task_1_3;IRHT_P_006643.tif;1_Caroline;1;IRHT_P_006643;0.770496482385;0.00102985378461;0.0163124316665;0.00375520464606;0.024690245851;0.0200715606517;0.112708484376;0.000434704582664;0.0206115496891;0.00897850664527;0.00235290728492;0.0185580684377
134;Task_1_3;IRHT_P_008969.tif;6_Hybrida;10;IRHT_P_008969;0.00750672316976;0.0837304083271;0.00333021510506;0.00331429728333;0.254711429115;0.000842737823283;0.00564725270626;0.00120037833994;0.503435107561;0.0187851230273;0.0970021805574;0.0204941469844
135;Task_1_3;IRHT_P_004655.tif;7_Praegothica;3;IRHT_P_004655;0.475469780159;0.000249877137666;0.00438848534069;0.000714132284421;0.00219897737335;0.0553346897736;0.000482030972651;0.000305627599408;0.0454990496633;0.411553783421;0.00350644126986;0.000297125005059
136;Task_1_3;IRHT_P_007745.tif;8_Semihybrida;10;IRHT_P_007745;0.00183731752586;0.00176945605207;0.0190693643177;0.000135833309471;0.288241736352;0.0412160317287;0.0148852927147;0.0131208318318;0.0001782019013;0.00587508818816;0.607422632948;0.00624821313003
137;Task_1_3;IRHT_P_006099.tif;7_Praegothica;3;IRHT_P_006099;0.0100159663067;0.0072195468462;0.00149765483222;0.00827608900536;0.00305644661869;0.000684546872676;0.173049491856;0.0173289779109;0.00923552551794;0.703818357283;0.0147733138047;0.0510440831463
138;Task_1_3;IRHT_P_009756.tif;9_Semitextualis;7;IRHT_P_009756;0.000309551688561;0.13854036072;0.0181242947102;0.00298740344568;0.092956236232;0.00340557151198;9.83024167591e-05;0.00800560602455;0.204781954369;0.00101685053085;0.0168584262081;0.512915442142
139;Task_1_3;IRHT_P_006310.tif;2_Cursiva;8;IRHT_P_006310;0.00241301943362;0.0855871333645;0.0350697678767;0.00140960014226;0.704780114857;0.00418264745705;0.00659370080049;0.00799931493779;0.0935386193329;0.00150346957093;0.00264737627998;0.0542752359465
140;Task_1_3;IRHT_P_009754.tif;6_Hybrida;8;IRHT_P_009754;0.0014467772276;0.0177887367771;0.00891247342943;0.000454483224313;0.00465406618441;0.183841994682;0.0202599960713;0.00999902560543;0.458616675396;0.00351589658843;0.134920315713;0.155589559101
141;Task_1_3;IRHT_P_008027.tif;6_Hybrida;11;IRHT_P_008027;0.0113251354673;0.00330460066508;0.00625296106795;0.0162290775644;0.00827163057616;0.0149908234945;0.000222948718005;0.106725556082;0.0957453822003;0.00701964026135;0.690192337458;0.039719906445
142;Task_1_3;M601415401_MS0300_0007.tif;4_Humanistic;12;M601415401_MS0300_0007;0.0110708694238;0.000302057948391;0.00215785827819;0.00149742723805;0.0403565536273;0.302024215971;0.46024367592;0.00732500098423;0.00412706301131;0.000279400432915;0.0153694228875;0.155246454277
143;Task_1_3;IRHT_P_008986.tif;11_Textualis;6;IRHT_P_008986;2.43666540979e-05;0.0121372748328;0.338835222577;0.000827167205301;0.334858112229;0.00824739658797;0.0008873606411;0.0770094258449;0.00023606494946;0.0234244601614;0.0037495694062;0.199763578911
144;Task_1_3;M601415401_MS0102_0007.tif;4_Humanistic;13;M601415401_MS0102_0007;0.0147182778168;0.0101803440496;0.21569006845;0.243949681159;0.0124246886242;0.000950970196044;0.321905182485;0.00324729906297;0.137870881512;0.00349517038877;0.0310225062355;0.00454493002012
145;Task_1_3;btv1b9076864s_f148_1.tif;3_Half_Uncial;1;btv1b9076864s_f148_1;0.000772161099115;0.0164654020474;0.022063464171;0.126686085189;0.00669045241282;0.502612342266;0.00292445427421;0.0875522579961;0.162373261742;0.00800611496708;0.0580135557002;0.0058404481351
146;Task_1_3;IRHT_P_007748.tif;2_Cursiva;11;IRHT_P_007748;0.0136878629259;0.000585756916341;0.0345514758271;0.000553943999537;0.310006974855;0.0590076430929;0.0128100822388;0.00156953146497;0.217412773253;0.00153815899192;0.137880966169;0.210394830265
147;Task_1_3;IRHT_P_006348.tif;11_Textualis;9;IRHT_P_006348;0.00320545425434;0.161017704616;0.636190128073;0.00217780489535;0.0115707163123;0.0379270576754;0.000891541153748;0.000621630453632;0.034965146492;0.0786788757949;0.0216962184424;0.0110577218366
148;Task_1_3;IRHT_P_006773.tif;6_Hybrida;10;IRHT_P_006773;0.0185347097866;0.0229723563858;0.00160637864372;6.78336971027e-05;0.0298417524278;0.00924972268229;0.000668139550582;0.00797843667093;0.413773864075;4.57450143539e-05;0.0127638113829;0.482497249683
149;Task_1_3;IRHT_P_008281.tif;11_Textualis;7;IRHT_P_008281;0.000634451971658;0.495944268855;0.359784990216;0.00138432800498;0.00677294075016;0.00359430639678;0.0471980806514;8.03930209232e-05;0.00460274179961;0.00431924334337;0.00344538774804;0.0722388672423
150;Task_1_3;IRHT_P_008892.tif;6_Hybrida;10;IRHT_P_008892;0.00390306047143;0.000400846755513;0.00277486253307;0.00102794735032;0.00146488054054;0.0644022033727;0.000460678370517;0.0216620599125;0.482658040968;0.0381515117303;0.319768262103;0.0633256458923
151;Task_1_3;IRHT_P_004074.tif;11_Textualis;3;IRHT_P_004074;0.0572690788181;0.00155765693572;0.208007836482;0.00268912911627;0.00143179108292;0.0113140167248;0.000514405362436;0.000243110872113;0.00502259733168;0.553546610459;0.0621289816364;0.0962747851785
152;Task_1_3;IRHT_P_004294.tif;1_Caroline;2;IRHT_P_004294;0.221013740222;0.0081515329855;0.00598458213456;0.0127314342766;0.0190094983681;0.00105736481353;2.07745949339e-05;0.00119010414655;0.01951893461;0.681376163332;0.0208371173436;0.00910875317274
153;Task_1_3;IRHT_P_005610.tif;1_Caroline;2;IRHT_P_005610;0.738740509722;0.104639137438;0.0134082195631;0.056805453569;0.0155530216031;0.000119413210277;0.000132038104301;0.00676329950409;0.0466093831632;0.000720791902551;0.0158017682764;0.000706963944343
154;Task_1_3;B490076101_MS0378_0070.tif;10_Textualis_meridionalis;6;B490076101_MS0378_0070;0.038457411913;0.800078719862;0.0184770148777;0.001862282008;0.00195333312542;0.0351132103624;0.000861811954376;3.83482523717e-05;0.0230620465414;0.00467498436629;0.052020290901;0.0234005458365
